1 0.29609375 0.3611111111111111 0.153125 0.24444444444444446
1 0.49375 0.3416666666666667 0.1234375 0.17500000000000002
1 0.87265625 0.7166666666666667 0.16562500000000002 0.23611111111111113
0 0.40742187500000004 0.5618055555555556 0.32734375000000004 0.29305555555555557
0 0.632421875 0.5458333333333334 0.09140625000000001 0.0638888888888889
0 0.45429687500000004 0.24027777777777778 0.05234375 0.04722222222222222
0 0.13125 0.7111111111111111 0.0171875 0.030555555555555558
0 0.0859375 0.9020833333333333 0.1265625 0.15416666666666667
0 0.409765625 0.8104166666666667 0.06171875 0.1625
0 0.71015625 0.7375 0.015625 0.061111111111111116
0 0.326953125 0.7486111111111111 0.08203125 0.09444444444444444
