1 0.605078125 0.42083333333333334 0.77890625 0.8388888888888889
0 0.355078125 0.5902777777777778 0.02421875 0.05
0 0.39140625 0.6291666666666667 0.0171875 0.03333333333333333
0 0.41796875 0.7215277777777778 0.040625 0.034722222222222224
0 0.45156250000000003 0.763888888888889 0.018750000000000003 0.02777777777777778
0 0.45703125 0.8423611111111111 0.025 0.034722222222222224
0 0.487109375 0.8743055555555556 0.032031250000000004 0.029166666666666667
0 0.833203125 0.7833333333333333 0.06328125 0.33333333333333337
0 0.890234375 0.8076388888888889 0.041406250000000006 0.029166666666666667
0 0.9691406250000001 0.7034722222222223 0.04296875 0.1625
0 0.5421875 0.9381944444444444 0.0171875 0.04583333333333334
