1 0.31289062500000003 0.2916666666666667 0.18984375 0.3611111111111111
1 0.60859375 0.2451388888888889 0.15781250000000002 0.39583333333333337
1 0.8855468750000001 0.6993055555555556 0.20078125000000002 0.2125
0 0.40703125 0.5798611111111112 0.3296875 0.26805555555555555
0 0.37812500000000004 0.7666666666666667 0.1625 0.08333333333333334
0 0.334765625 0.8763888888888889 0.01953125 0.06666666666666667
0 0.0859375 0.9222222222222223 0.134375 0.1527777777777778
0 0.135546875 0.7173611111111111 0.01953125 0.0625
0 0.45859375 0.24722222222222223 0.059375000000000004 0.061111111111111116
0 0.6332031250000001 0.5465277777777778 0.08515625 0.07916666666666666
