1 0.605078125 0.39166666666666666 0.74921875 0.7722222222222223
0 0.37265625 0.5756944444444445 0.026562500000000003 0.04583333333333334
0 0.40273437500000003 0.6173611111111111 0.014843750000000001 0.04583333333333334
0 0.46796875000000004 0.8388888888888889 0.0140625 0.025
0 0.484375 0.8625 0.009375000000000001 0.02777777777777778
0 0.501171875 0.8722222222222222 0.014843750000000001 0.03333333333333333
0 0.44570312500000003 0.75625 0.041406250000000006 0.08750000000000001
0 0.8640625000000001 0.7069444444444445 0.07968750000000001 0.45
0 0.90625 0.8034722222222223 0.0328125 0.04027777777777778
0 0.969921875 0.757638888888889 0.022656250000000003 0.04861111111111111
