1 0.48476562500000003 0.30972222222222223 0.89765625 0.6083333333333334
0 0.595703125 0.5534722222222223 0.09609375 0.16527777777777777
0 0.6800781250000001 0.6069444444444445 0.041406250000000006 0.04722222222222222
0 0.747265625 0.5909722222222222 0.05390625 0.059722222222222225
0 0.8894531250000001 0.5659722222222222 0.057031250000000006 0.09305555555555556
0 0.9558593750000001 0.56875 0.06484375 0.04861111111111111
0 0.435546875 0.6263888888888889 0.03515625 0.04166666666666667
0 0.345703125 0.6243055555555556 0.030468750000000003 0.02638888888888889
0 0.080078125 0.28958333333333336 0.16015625 0.5541666666666667
0 0.8046875 0.6090277777777778 0.0421875 0.04583333333333334
