0 0.37265625 0.6381944444444445 0.0140625 0.034722222222222224
1 0.13203125000000002 0.6243055555555556 0.0765625 0.12638888888888888
1 0.2078125 0.6340277777777779 0.08750000000000001 0.16805555555555557
1 0.283984375 0.6375000000000001 0.09140625000000001 0.14166666666666666
1 0.45625000000000004 0.5111111111111112 0.08281250000000001 0.2111111111111111
1 0.5703125 0.5159722222222223 0.15625 0.1736111111111111
0 0.451953125 0.6201388888888889 0.01640625 0.034722222222222224
0 0.49648437500000003 0.6291666666666667 0.022656250000000003 0.030555555555555558
0 0.08750000000000001 0.7916666666666667 0.028125 0.03888888888888889
1 0.54140625 0.7972222222222223 0.06406250000000001 0.08611111111111111
