0 0.25625000000000003 0.7388888888888889 0.0140625 0.02777777777777778
0 0.38789062500000004 0.6402777777777778 0.013281250000000001 0.02777777777777778
0 0.46875 0.6284722222222222 0.015625 0.029166666666666667
0 0.51875 0.6375000000000001 0.0171875 0.03333333333333333
0 0.178125 0.6930555555555555 0.009375000000000001 0.01388888888888889
1 0.3046875 0.6590277777777778 0.08750000000000001 0.14583333333333334
1 0.20820312500000002 0.63125 0.09765625 0.1875
1 0.134765625 0.6201388888888889 0.08359375000000001 0.1125
1 0.46640625 0.5090277777777777 0.096875 0.22083333333333335
1 0.5886718750000001 0.5173611111111112 0.15859375 0.1763888888888889
1 0.568359375 0.8131944444444444 0.05859375 0.07083333333333333
