0 0.12460937500000001 0.40555555555555556 0.022656250000000003 0.03888888888888889
0 0.15351562500000002 0.4569444444444445 0.022656250000000003 0.05
0 0.205078125 0.47847222222222224 0.03515625 0.0375
0 0.234765625 0.5402777777777777 0.02734375 0.11666666666666667
0 0.28046875 0.46111111111111114 0.0171875 0.036111111111111115
0 0.32890625 0.5277777777777778 0.025 0.04722222222222222
0 0.40468750000000003 0.48750000000000004 0.0203125 0.05
0 0.48867187500000003 0.5298611111111111 0.11953125 0.10972222222222222
0 0.6273437500000001 0.5618055555555556 0.034375 0.05416666666666667
0 0.712890625 0.5236111111111111 0.06015625 0.09444444444444444
0 0.7621093750000001 0.5416666666666667 0.030468750000000003 0.03888888888888889
0 0.80078125 0.5708333333333333 0.045312500000000006 0.16944444444444445
1 0.437109375 0.27222222222222225 0.86484375 0.5333333333333333
