0 0.29296875 0.6791666666666667 0.035937500000000004 0.09722222222222222
0 0.43593750000000003 0.11458333333333334 0.025 0.07083333333333333
1 0.062109375 0.26875 0.07578125000000001 0.07916666666666666
1 0.17265625 0.11388888888888889 0.060937500000000006 0.14444444444444446
1 0.24960937500000002 0.24027777777777778 0.06328125 0.08611111111111111
1 0.44570312500000003 0.4861111111111111 0.05390625 0.11944444444444445
1 0.2234375 0.7034722222222223 0.09062500000000001 0.10416666666666667
1 0.039453125000000006 0.7409722222222223 0.07109375 0.09305555555555556
1 0.08281250000000001 0.9493055555555556 0.15625 0.09305555555555556
1 0.234375 0.42708333333333337 0.05625 0.06527777777777778
