1 0.4993150684931507 0.35 0.9986301369863014 0.6849056603773584
0 0.09726027397260274 0.6169811320754717 0.016438356164383564 0.04528301886792453
0 0.1404109589041096 0.6188679245283019 0.03424657534246575 0.03773584905660377
0 0.21164383561643835 0.7084905660377359 0.031506849315068496 0.035849056603773584
0 0.2979452054794521 0.6330188679245283 0.06712328767123288 0.08490566037735849
0 0.513013698630137 0.7424528301886792 0.20136986301369864 0.2320754716981132
0 0.8979452054794521 0.9547169811320755 0.050684931506849315 0.06792452830188679
0 0.6938356164383561 0.7981132075471699 0.06712328767123288 0.12452830188679245
0 0.7452054794520548 0.8820754716981132 0.09041095890410959 0.03962264150943396
0 0.33287671232876714 0.7707547169811321 0.019178082191780823 0.024528301886792454
