1 0.5 0.35283018867924526 0.9917808219178083 0.6867924528301886
0 0.4904109589041096 0.6481132075471698 0.11232876712328767 0.062264150943396226
0 0.336986301369863 0.7028301886792453 0.024657534246575342 0.03207547169811321
0 0.3910958904109589 0.7047169811320755 0.03424657534246575 0.03207547169811321
0 0.5273972602739726 0.7811320754716982 0.049315068493150684 0.06037735849056604
0 0.6719178082191781 0.689622641509434 0.03972602739726028 0.06981132075471698
0 0.7068493150684931 0.9179245283018868 0.049315068493150684 0.08113207547169811
0 0.8013698630136986 0.8292452830188679 0.1780821917808219 0.13773584905660377
0 0.9602739726027397 0.9066037735849056 0.04657534246575343 0.08490566037735849
0 0.9191780821917809 0.9009433962264151 0.024657534246575342 0.03962264150943396
0 0.2671232876712329 0.6858490566037736 0.043835616438356165 0.020754716981132074
