1 0.4958904109589041 0.3858490566037736 0.9917808219178083 0.7415094339622642
0 0.3821917808219178 0.660377358490566 0.07671232876712329 0.1320754716981132
0 0.3034246575342466 0.7518867924528302 0.028767123287671233 0.02830188679245283
0 0.21986301369863015 0.6462264150943396 0.04794520547945205 0.05849056603773585
0 0.5931506849315068 0.7622641509433963 0.2876712328767123 0.23773584905660378
0 0.7589041095890411 0.9179245283018868 0.021917808219178082 0.02830188679245283
0 0.43356164383561646 0.8235849056603773 0.023287671232876714 0.020754716981132074
0 0.8595890410958904 0.8820754716981132 0.10273972602739725 0.18301886792452832
0 0.23493150684931507 0.5339622641509434 0.036986301369863014 0.09433962264150944
0 0.32465753424657534 0.5924528301886792 0.016438356164383564 0.04905660377358491
