0 0.40821917808219177 0.6150943396226415 0.2356164383561644 0.1018867924528302
0 0.623972602739726 0.6716981132075471 0.03972602739726028 0.07169811320754717
0 0.75 0.8113207547169812 0.17945205479452056 0.14339622641509434
0 0.6465753424657534 0.8905660377358491 0.052054794520547946 0.03773584905660377
0 0.9506849315068493 0.8047169811320755 0.09041095890410959 0.16037735849056603
0 0.8678082191780822 0.9622641509433962 0.028767123287671233 0.07169811320754717
0 0.46643835616438356 0.7518867924528302 0.08082191780821918 0.06981132075471698
0 0.3273972602739726 0.6849056603773584 0.07123287671232877 0.03773584905660377
0 0.24246575342465754 0.6716981132075471 0.024657534246575342 0.033962264150943396
0 0.8931506849315068 0.8830188679245283 0.0684931506849315 0.08679245283018867
0 0.5363013698630137 0.7292452830188679 0.03972602739726028 0.0509433962264151
1 0.5 0.39622641509433965 0.9972602739726028 0.7773584905660378
