1 0.4952054794520548 0.3443396226415094 0.9876712328767123 0.6773584905660377
0 0.10410958904109589 0.3179245283018868 0.1589041095890411 0.20566037735849058
0 0.27123287671232876 0.4971698113207547 0.04657534246575343 0.062264150943396226
0 0.33356164383561643 0.41415094339622643 0.1410958904109589 0.16792452830188678
0 0.4143835616438356 0.5754716981132075 0.19041095890410958 0.1660377358490566
0 0.7164383561643836 0.7216981132075472 0.07397260273972603 0.0660377358490566
0 0.9397260273972603 0.7160377358490566 0.10136986301369863 0.1339622641509434
0 0.5287671232876713 0.5273584905660378 0.043835616438356165 0.11132075471698114
0 0.613013698630137 0.6915094339622642 0.031506849315068496 0.0509433962264151
0 0.5773972602739726 0.6933962264150944 0.02054794520547945 0.05471698113207547
0 0.776027397260274 0.7415094339622642 0.03424657534246575 0.026415094339622643
0 0.8239726027397261 0.7160377358490566 0.04794520547945205 0.062264150943396226
0 0.5383561643835616 0.619811320754717 0.03287671232876713 0.04716981132075472
0 0.13493150684931507 0.47358490566037736 0.031506849315068496 0.03773584905660377
