1 0.49383561643835616 0.3462264150943396 0.9739726027397261 0.6698113207547169
0 0.336986301369863 0.7169811320754716 0.0136986301369863 0.04150943396226415
0 0.4828767123287671 0.7141509433962264 0.11095890410958904 0.06981132075471698
0 0.5883561643835616 0.7471698113207548 0.04794520547945205 0.09433962264150944
0 0.660958904109589 0.6745283018867925 0.15753424657534246 0.07358490566037736
0 0.7136986301369863 0.8122641509433962 0.0684931506849315 0.09622641509433963
0 0.8678082191780822 0.7179245283018868 0.036986301369863014 0.05849056603773585
0 0.8198630136986301 0.8471698113207548 0.023287671232876714 0.03018867924528302
0 0.9739726027397261 0.8773584905660378 0.049315068493150684 0.07547169811320754
0 0.9513698630136986 0.9830188679245283 0.04246575342465753 0.03018867924528302
