1 0.4993150684931507 0.32547169811320753 0.9986301369863014 0.6320754716981132
0 0.6376712328767123 0.7745283018867924 0.2671232876712329 0.25849056603773585
0 0.7931506849315069 0.930188679245283 0.030136986301369864 0.03018867924528302
0 0.8897260273972603 0.8943396226415095 0.10547945205479452 0.18867924528301888
0 0.46164383561643835 0.8245283018867925 0.038356164383561646 0.04150943396226415
0 0.3198630136986301 0.7566037735849057 0.031506849315068496 0.033962264150943396
0 0.39657534246575343 0.6688679245283019 0.07534246575342465 0.13018867924528302
0 0.236986301369863 0.6490566037735849 0.04657534246575343 0.04528301886792453
0 0.33835616438356164 0.5943396226415094 0.0273972602739726 0.05660377358490566
0 0.2534246575342466 0.5349056603773585 0.03561643835616438 0.09622641509433963
