1 0.22945205479452055 0.30471698113207546 0.4589041095890411 0.5981132075471698
1 0.7171232876712329 0.49339622641509434 0.563013698630137 0.9867924528301887
0 0.2876712328767123 0.5820754716981132 0.049315068493150684 0.07358490566037736
0 0.39315068493150684 0.6726415094339623 0.03287671232876713 0.04339622641509434
0 0.7006849315068493 0.6547169811320754 0.10547945205479452 0.18867924528301888
0 0.7534246575342466 0.7849056603773585 0.038356164383561646 0.04905660377358491
0 0.9 0.9622641509433962 0.07671232876712329 0.06037735849056604
0 0.7972602739726028 0.7150943396226415 0.038356164383561646 0.04150943396226415
0 0.35205479452054794 0.360377358490566 0.07123287671232877 0.15471698113207547
0 0.3801369863013699 0.5858490566037736 0.1273972602739726 0.062264150943396226
0 0.42534246575342466 0.4981132075471698 0.04794520547945205 0.06792452830188679
0 0.20205479452054795 0.469811320754717 0.17397260273972603 0.16981132075471697
