0 0.1047945205479452 0.42830188679245285 0.17123287671232876 0.19622641509433963
0 0.22945205479452055 0.5443396226415095 0.03424657534246575 0.062264150943396226
0 0.20068493150684932 0.690566037735849 0.03424657534246575 0.04150943396226415
0 0.08904109589041095 0.6056603773584905 0.016438356164383564 0.04528301886792453
0 0.1363013698630137 0.5820754716981132 0.04246575342465753 0.1
0 0.2828767123287671 0.5981132075471698 0.050684931506849315 0.12452830188679245
0 0.3219178082191781 0.7566037735849057 0.021917808219178082 0.026415094339622643
0 0.3712328767123288 0.5330188679245284 0.12876712328767123 0.20943396226415095
0 0.49383561643835616 0.7132075471698113 0.18767123287671234 0.23018867924528302
0 0.6171232876712329 0.8292452830188679 0.03972602739726028 0.03962264150943396
0 0.6787671232876712 0.8160377358490566 0.056164383561643834 0.04716981132075472
0 0.7308219178082191 0.8575471698113207 0.07808219178082192 0.0509433962264151
0 0.8089041095890411 0.8981132075471698 0.07534246575342465 0.05660377358490566
0 0.8691780821917808 0.9377358490566038 0.050684931506849315 0.06415094339622641
0 0.6472602739726028 0.7283018867924529 0.0589041095890411 0.09811320754716982
0 0.9575342465753425 0.8273584905660377 0.06301369863013699 0.07735849056603773
0 0.9842465753424657 0.9415094339622642 0.01780821917808219 0.052830188679245285
0 0.915068493150685 0.9415094339622642 0.0273972602739726 0.026415094339622643
1 0.5006849315068493 0.4009433962264151 0.9958904109589041 0.7830188679245284
