1 0.5013698630136987 0.32358490566037734 0.9945205479452055 0.6320754716981132
0 0.263013698630137 0.6537735849056604 0.030136986301369864 0.016981132075471698
0 0.37945205479452054 0.6028301886792453 0.09315068493150686 0.0509433962264151
0 0.3719178082191781 0.7216981132075472 0.06438356164383562 0.04339622641509434
0 0.523972602739726 0.6386792452830189 0.028767123287671233 0.05849056603773585
0 0.6253424657534247 0.7622641509433963 0.06712328767123288 0.09433962264150944
0 0.5780821917808219 0.840566037735849 0.0273972602739726 0.02830188679245283
0 0.8794520547945206 0.8443396226415094 0.2219178082191781 0.2660377358490566
0 0.7178082191780822 0.8952830188679245 0.0273972602739726 0.09622641509433963
0 0.436986301369863 0.6811320754716981 0.016438356164383564 0.07169811320754717
