0 0.50234375 0.2263888888888889 0.1421875 0.4388888888888889
0 0.40859375000000003 0.49444444444444446 0.1046875 0.1527777777777778
0 0.35546875 0.7201388888888889 0.03125 0.051388888888888894
0 0.353515625 0.9597222222222223 0.03828125 0.07777777777777778
0 0.30703125000000003 0.5166666666666667 0.045312500000000006 0.10833333333333334
0 0.41875 0.6986111111111112 0.026562500000000003 0.08333333333333334
0 0.255078125 0.9659722222222222 0.057031250000000006 0.06527777777777778
1 0.7117187500000001 0.2972222222222222 0.2828125 0.5777777777777778
1 0.39140625 0.08819444444444445 0.18125000000000002 0.16527777777777777
1 0.5222656250000001 0.7777777777777778 0.15859375 0.37222222222222223
1 0.735546875 0.80625 0.18984375 0.3819444444444445
