1 0.675390625 0.2 0.23984375000000002 0.3861111111111111
0 0.48476562500000003 0.24791666666666667 0.16015625 0.4791666666666667
0 0.39960937500000004 0.53125 0.12109375 0.18194444444444446
0 0.345703125 0.7506944444444444 0.03828125 0.05694444444444444
0 0.30234375 0.5444444444444445 0.0421875 0.14444444444444446
0 0.24921875000000002 0.9854166666666667 0.025 0.02638888888888889
0 0.41484375 0.7298611111111112 0.026562500000000003 0.0763888888888889
1 0.628515625 0.7555555555555555 0.35078125000000004 0.4861111111111111
1 0.3796875 0.09027777777777778 0.171875 0.17500000000000002
1 0.9617187500000001 0.8562500000000001 0.0734375 0.2847222222222222
