1 0.7093750000000001 0.3055555555555556 0.29375 0.5888888888888889
1 0.5109375 0.7395833333333334 0.16718750000000002 0.45972222222222225
1 0.71796875 0.8048611111111111 0.19375 0.3875
0 0.49335937500000004 0.2638888888888889 0.16171875000000002 0.4444444444444445
0 0.400390625 0.5222222222222223 0.11484375000000001 0.19444444444444445
0 0.346484375 0.7430555555555556 0.03671875 0.05555555555555556
0 0.298828125 0.5409722222222222 0.03671875 0.10694444444444445
0 0.265234375 0.9694444444444444 0.05390625 0.058333333333333334
0 0.35703125 0.95625 0.0328125 0.08472222222222223
1 0.34296875000000004 0.1763888888888889 0.1390625 0.34444444444444444
