1 0.30546875 0.7291666666666667 0.37343750000000003 0.19722222222222224
1 0.322265625 0.5583333333333333 0.20546875 0.10555555555555556
1 0.333984375 0.28402777777777777 0.6492187500000001 0.4763888888888889
1 0.755078125 0.5291666666666667 0.48828125 0.3027777777777778
1 0.6296875000000001 0.8138888888888889 0.2484375 0.20833333333333334
0 0.55078125 0.6361111111111112 0.0328125 0.05
0 0.79453125 0.6875 0.10312500000000001 0.05555555555555556
0 0.303515625 0.7840277777777778 0.02421875 0.034722222222222224
0 0.42109375000000004 0.6319444444444444 0.018750000000000003 0.036111111111111115
0 0.512890625 0.6256944444444444 0.022656250000000003 0.05416666666666667
