0 0.7021812080536912 0.31845238095238093 0.1325503355704698 0.22619047619047616
0 0.8540268456375839 0.6934523809523809 0.016778523489932886 0.05357142857142857
0 0.23657718120805368 0.41369047619047616 0.10067114093959731 0.23809523809523808
0 0.08976510067114093 0.6413690476190476 0.03523489932885906 0.09821428571428571
0 0.3615771812080537 0.3571428571428571 0.03523489932885906 0.16666666666666666
0 0.41023489932885904 0.4360119047619047 0.028523489932885907 0.0625
0 0.4588926174496644 0.47023809523809523 0.04194630872483222 0.05952380952380952
0 0.8171140939597316 0.5372023809523809 0.026845637583892617 0.04464285714285714
0 0.9295302013422818 0.7723214285714285 0.040268456375838924 0.050595238095238096
1 0.9161073825503355 0.49553571428571425 0.15100671140939598 0.9732142857142857
1 0.1568791946308725 0.3839285714285714 0.31040268456375836 0.7559523809523809
1 0.5067114093959731 0.22470238095238093 0.30201342281879195 0.44345238095238093
