1 0.6216442953020134 0.22619047619047616 0.7265100671140939 0.4464285714285714
0 0.5335570469798657 0.5 0.18791946308724833 0.23214285714285712
0 0.6476510067114094 0.581845238095238 0.0436241610738255 0.12202380952380952
0 0.08137583892617449 0.30357142857142855 0.03523489932885906 0.047619047619047616
0 0.15268456375838926 0.34523809523809523 0.050335570469798654 0.047619047619047616
0 0.2827181208053691 0.3601190476190476 0.05536912751677852 0.19642857142857142
0 0.3221476510067114 0.4985119047619047 0.06711409395973154 0.11011904761904762
0 0.3716442953020134 0.5729166666666666 0.025167785234899327 0.04464285714285714
0 0.6870805369127516 0.6636904761904762 0.02181208053691275 0.047619047619047616
0 0.7885906040268457 0.6934523809523809 0.06375838926174497 0.07142857142857142
