0 0.29278523489932884 0.38095238095238093 0.05201342281879195 0.15476190476190477
0 0.31543624161073824 0.4985119047619047 0.05704697986577181 0.11607142857142856
0 0.36828859060402686 0.5699404761904762 0.018456375838926176 0.050595238095238096
0 0.47315436241610737 0.5625 0.0738255033557047 0.06547619047619047
0 0.5780201342281879 0.48660714285714285 0.1325503355704698 0.2708333333333333
0 0.6946308724832214 0.6458333333333333 0.03691275167785235 0.08928571428571427
1 0.18036912751677853 0.17559523809523808 0.1761744966442953 0.3333333333333333
1 0.3699664429530201 0.15476190476190477 0.1761744966442953 0.29166666666666663
1 0.48657718120805366 0.33482142857142855 0.11073825503355704 0.34226190476190477
1 0.8154362416107382 0.28720238095238093 0.32550335570469796 0.5744047619047619
