0 0.30033557046979864 0.42857142857142855 0.07718120805369127 0.24404761904761904
0 0.3724832214765101 0.5699404761904762 0.02348993288590604 0.04464285714285714
0 0.5201342281879194 0.48363095238095233 0.17114093959731544 0.27678571428571425
0 0.6644295302013423 0.6279761904761905 0.026845637583892617 0.047619047619047616
0 0.8104026845637584 0.712797619047619 0.04697986577181208 0.050595238095238096
1 0.4756711409395973 0.18154761904761904 0.5453020134228188 0.34523809523809523
1 0.3976510067114094 0.4419642857142857 0.13758389261744966 0.20535714285714285
1 0.8036912751677853 0.47470238095238093 0.38926174496644295 0.2589285714285714
0 0.15604026845637584 0.34523809523809523 0.0436241610738255 0.03571428571428571
0 0.08473154362416108 0.31101190476190477 0.018456375838926176 0.05654761904761904
