1 0.19546979865771813 0.1636904761904762 0.16946308724832215 0.31547619047619047
1 0.43456375838926176 0.25297619047619047 0.21140939597315436 0.4583333333333333
1 0.6266778523489933 0.41220238095238093 0.12583892617449663 0.2470238095238095
1 0.8506711409395973 0.3125 0.2953020134228188 0.5833333333333333
0 0.5620805369127516 0.5372023809523809 0.22818791946308725 0.1875
0 0.2902684563758389 0.3794642857142857 0.05704697986577181 0.15178571428571427
0 0.3196308724832215 0.4851190476190476 0.06208053691275168 0.1369047619047619
0 0.36828859060402686 0.5699404761904762 0.018456375838926176 0.04464285714285714
0 0.15436241610738255 0.3526785714285714 0.050335570469798654 0.03869047619047619
0 0.07634228187919463 0.3050595238095238 0.015100671140939596 0.03869047619047619
0 0.7172818791946308 0.6547619047619048 0.08221476510067113 0.07738095238095238
