0 0.0796979865771812 0.306547619047619 0.02181208053691275 0.047619047619047616
0 0.1535234899328859 0.34226190476190477 0.04865771812080537 0.041666666666666664
0 0.29446308724832215 0.41220238095238093 0.08221476510067113 0.28273809523809523
0 0.3716442953020134 0.5729166666666666 0.02181208053691275 0.050595238095238096
0 0.5293624161073825 0.5089285714285714 0.18624161073825504 0.20833333333333331
0 0.6669463087248322 0.6071428571428571 0.028523489932885907 0.08928571428571427
0 0.712248322147651 0.6696428571428571 0.015100671140939596 0.02976190476190476
1 0.30788590604026844 0.13392857142857142 0.18959731543624161 0.23809523809523808
1 0.5880872483221476 0.14583333333333331 0.3573825503355705 0.2738095238095238
1 0.4286912751677852 0.35119047619047616 0.2030201342281879 0.22619047619047616
1 0.8036912751677853 0.42857142857142855 0.38926174496644295 0.29166666666666663
