0 0.08473154362416108 0.29315476190476186 0.031879194630872486 0.03869047619047619
0 0.15771812080536912 0.3482142857142857 0.053691275167785234 0.02976190476190476
0 0.28691275167785235 0.37351190476190477 0.050335570469798654 0.15773809523809523
0 0.32298657718120805 0.49553571428571425 0.06879194630872483 0.10416666666666666
0 0.37080536912751677 0.5699404761904762 0.020134228187919462 0.04464285714285714
0 0.5486577181208053 0.5014880952380952 0.2181208053691275 0.22916666666666666
0 0.700503355704698 0.6279761904761905 0.09228187919463086 0.11904761904761904
1 0.44211409395973156 0.2306547619047619 0.2634228187919463 0.4375
1 0.8305369127516778 0.29910714285714285 0.33557046979865773 0.5386904761904762
1 0.20385906040268456 0.15625 0.1493288590604027 0.28273809523809523
