1 0.1342281879194631 0.2470238095238095 0.26174496644295303 0.22023809523809523
1 0.11996644295302013 0.5997023809523809 0.21308724832214765 0.28869047619047616
1 0.30788590604026844 0.7901785714285714 0.15604026845637584 0.15178571428571427
1 0.7407718120805369 0.21875 0.511744966442953 0.4255952380952381
1 0.964765100671141 0.6041666666666666 0.06711409395973154 0.375
0 0.26929530201342283 0.24851190476190474 0.02181208053691275 0.06845238095238095
0 0.41191275167785235 0.7827380952380952 0.03523489932885906 0.1488095238095238
0 0.2332214765100671 0.931547619047619 0.05704697986577181 0.06547619047619047
1 0.28187919463087246 0.46428571428571425 0.09395973154362416 0.17261904761904762
0 0.3263422818791946 0.3645833333333333 0.01174496644295302 0.03869047619047619
