1 0.16610738255033558 0.44345238095238093 0.33221476510067116 0.869047619047619
0 0.6929530201342282 0.431547619047619 0.13758389261744966 0.23214285714285712
0 0.8498322147651006 0.7738095238095237 0.031879194630872486 0.11309523809523808
0 0.0964765100671141 0.75 0.025167785234899327 0.09523809523809523
0 0.212248322147651 0.5610119047619048 0.0587248322147651 0.0744047619047619
0 0.26929530201342283 0.47470238095238093 0.05536912751677852 0.11607142857142856
0 0.3598993288590604 0.46875 0.04194630872483222 0.15773809523809523
1 0.47651006711409394 0.2961309523809524 0.25167785234899326 0.5803571428571428
1 0.7382550335570469 0.16220238095238093 0.24496644295302014 0.29464285714285715
1 0.9161073825503355 0.53125 0.16442953020134227 0.9077380952380952
