1 0.38203125000000004 0.4666666666666667 0.1046875 0.27222222222222225
1 0.540234375 0.7659722222222223 0.13828125 0.29583333333333334
1 0.7109375 0.6805555555555556 0.13593750000000002 0.29444444444444445
1 0.583984375 0.42430555555555555 0.15234375 0.31527777777777777
0 0.5203125000000001 0.3875 0.034375 0.08055555555555556
0 0.580078125 0.28750000000000003 0.030468750000000003 0.075
0 0.3171875 0.5111111111111112 0.035937500000000004 0.08055555555555556
0 0.4390625 0.5965277777777778 0.1015625 0.23750000000000002
0 0.6156250000000001 0.6972222222222223 0.05 0.058333333333333334
0 0.52734375 0.6062500000000001 0.021875000000000002 0.043055555555555555
0 0.7898437500000001 0.9409722222222222 0.0890625 0.06527777777777778
0 0.280859375 0.40902777777777777 0.025781250000000002 0.06805555555555556
0 0.197265625 0.22708333333333333 0.02734375 0.04583333333333334
