1 0.512109375 0.6756944444444445 0.057031250000000006 0.1763888888888889
1 0.46406250000000004 0.7652777777777778 0.045312500000000006 0.11944444444444445
0 0.501171875 0.8305555555555556 0.04609375 0.13055555555555556
0 0.5484375 0.89375 0.0234375 0.043055555555555555
0 0.44570312500000003 0.7208333333333333 0.06484375 0.16111111111111112
0 0.556640625 0.65625 0.02890625 0.05694444444444444
0 0.6644531250000001 0.2152777777777778 0.025781250000000002 0.05
0 0.601171875 0.3965277777777778 0.049218750000000006 0.08750000000000001
0 0.513671875 0.25625000000000003 0.01953125 0.03194444444444445
0 0.460546875 0.41458333333333336 0.030468750000000003 0.0625
