1 0.403125 0.28402777777777777 0.50625 0.5208333333333334
0 0.5234375 0.5868055555555556 0.034375 0.05416666666666667
0 0.69296875 0.75625 0.025 0.03194444444444445
0 0.37539062500000003 0.32916666666666666 0.05234375 0.05277777777777778
0 0.334765625 0.4743055555555556 0.049218750000000006 0.08194444444444444
0 0.413671875 0.5243055555555556 0.02890625 0.051388888888888894
0 0.335546875 0.5916666666666667 0.13046875 0.1638888888888889
0 0.169921875 0.50625 0.06484375 0.10694444444444445
0 0.09843750000000001 0.40625 0.07968750000000001 0.10694444444444445
0 0.0234375 0.6180555555555556 0.0390625 0.08333333333333334
