1 0.490234375 0.34097222222222223 0.11328125 0.2625
1 0.563671875 0.20833333333333334 0.10390625 0.24444444444444446
1 0.7757812500000001 0.6152777777777778 0.140625 0.26944444444444443
0 0.5085937500000001 0.5520833333333334 0.0703125 0.10138888888888889
0 0.6171875 0.6006944444444444 0.046875 0.09583333333333334
0 0.6589843750000001 0.5673611111111111 0.022656250000000003 0.05416666666666667
0 0.654296875 0.20972222222222223 0.055468750000000004 0.08333333333333334
0 0.5546875 0.38958333333333334 0.059375000000000004 0.14027777777777778
0 0.40937500000000004 0.3138888888888889 0.07187500000000001 0.2
0 0.483203125 0.1701388888888889 0.041406250000000006 0.06805555555555556
