0 0.13398437500000002 0.43680555555555556 0.039843750000000004 0.08750000000000001
0 0.191796875 0.5395833333333333 0.039843750000000004 0.08472222222222223
0 0.354296875 0.48541666666666666 0.049218750000000006 0.09861111111111112
0 0.366015625 0.6131944444444445 0.15390625000000002 0.1902777777777778
0 0.280078125 0.23125 0.02109375 0.059722222222222225
0 0.39140625 0.3590277777777778 0.034375 0.059722222222222225
0 0.45546875000000003 0.24375000000000002 0.028125 0.0625
0 0.546875 0.5923611111111111 0.07500000000000001 0.16527777777777777
0 0.7054687500000001 0.7972222222222223 0.06875 0.05277777777777778
1 0.309375 0.2590277777777778 0.4453125 0.41250000000000003
