1 0.526953125 0.3944444444444445 0.50390625 0.7388888888888889
1 0.883984375 0.3805555555555556 0.19296875000000002 0.5444444444444445
0 0.15976562500000002 0.18055555555555555 0.30703125000000003 0.28611111111111115
0 0.2921875 0.4638888888888889 0.025 0.036111111111111115
0 0.436328125 0.6847222222222222 0.08515625 0.09722222222222222
0 0.565625 0.6993055555555556 0.07187500000000001 0.16527777777777777
0 0.727734375 0.7118055555555556 0.06015625 0.14583333333333334
0 0.91328125 0.5006944444444444 0.0703125 0.1513888888888889
0 0.848828125 0.6979166666666667 0.12890625 0.12916666666666668
0 0.304296875 0.6527777777777778 0.04609375 0.05
