1 0.49648437500000003 0.3909722222222222 0.98359375 0.5847222222222223
0 0.36796875 0.6569444444444444 0.1078125 0.06944444444444445
0 0.55859375 0.6770833333333334 0.1421875 0.09027777777777778
0 0.7117187500000001 0.6465277777777778 0.13125 0.10416666666666667
0 0.702734375 0.7986111111111112 0.014843750000000001 0.03333333333333333
0 0.7546875000000001 0.8006944444444445 0.046875 0.059722222222222225
0 0.821875 0.7826388888888889 0.025 0.051388888888888894
0 0.8558593750000001 0.8368055555555556 0.02890625 0.0375
0 0.9851562500000001 0.8812500000000001 0.028125 0.043055555555555555
0 0.8914062500000001 0.6993055555555556 0.0328125 0.059722222222222225
