1 0.5730468750000001 0.39583333333333337 0.80859375 0.5777777777777778
0 0.298828125 0.6236111111111111 0.09765625 0.08611111111111111
0 0.12617187500000002 0.26805555555555555 0.23671875 0.3527777777777778
0 0.66328125 0.5090277777777777 0.053125000000000006 0.0625
0 0.765234375 0.5569444444444445 0.04296875 0.075
0 0.8914062500000001 0.42638888888888893 0.07500000000000001 0.11666666666666667
0 0.952734375 0.5493055555555556 0.07265625 0.10694444444444445
0 0.9320312500000001 0.6541666666666667 0.059375000000000004 0.12222222222222223
0 0.697265625 0.6208333333333333 0.06953125 0.09166666666666667
0 0.558203125 0.5722222222222223 0.05234375 0.05
0 0.48671875000000003 0.5972222222222222 0.043750000000000004 0.075
0 0.17109375000000002 0.6006944444444444 0.026562500000000003 0.043055555555555555
