1 0.508203125 0.4048611111111111 0.98203125 0.6013888888888889
0 0.32265625000000003 0.5847222222222223 0.0859375 0.10833333333333334
0 0.6898437500000001 0.7569444444444444 0.0578125 0.05555555555555556
0 0.8078125 0.7847222222222222 0.0765625 0.04166666666666667
0 0.9242187500000001 0.8055555555555556 0.0484375 0.0638888888888889
0 0.5769531250000001 0.06041666666666667 0.06484375 0.1125
0 0.9890625000000001 0.8291666666666667 0.0203125 0.05277777777777778
0 0.435546875 0.5826388888888889 0.02890625 0.10416666666666667
0 0.032421875 0.46458333333333335 0.02890625 0.07916666666666666
0 0.876171875 0.58125 0.055468750000000004 0.14583333333333334
