1 0.41875 0.4701388888888889 0.8203125 0.8458333333333333
0 0.259765625 0.8590277777777778 0.11796875000000001 0.06805555555555556
0 0.405859375 0.8006944444444445 0.05234375 0.059722222222222225
0 0.55234375 0.8458333333333333 0.0703125 0.09444444444444444
0 0.7273437500000001 0.9444444444444445 0.1078125 0.10833333333333334
0 0.787109375 0.7083333333333334 0.08046875 0.17222222222222222
0 0.9140625 0.7430555555555556 0.1703125 0.2638888888888889
0 0.115625 0.9152777777777779 0.0890625 0.08611111111111111
0 0.4421875 0.9180555555555556 0.0859375 0.12222222222222223
1 0.9148437500000001 0.25972222222222224 0.153125 0.3055555555555556
