1 0.5007812500000001 0.29583333333333334 0.984375 0.48333333333333334
0 0.251171875 0.45833333333333337 0.11328125 0.10833333333333334
0 0.049609375000000004 0.3104166666666667 0.05390625 0.12638888888888888
0 0.164453125 0.37222222222222223 0.02734375 0.10277777777777779
0 0.11328125 0.4743055555555556 0.018750000000000003 0.029166666666666667
0 0.35390625000000003 0.5006944444444444 0.026562500000000003 0.06527777777777778
0 0.68359375 0.6104166666666667 0.3015625 0.17916666666666667
0 0.8523437500000001 0.7513888888888889 0.025 0.061111111111111116
0 0.921484375 0.6604166666666667 0.12265625000000001 0.20416666666666666
0 0.46875 0.5395833333333333 0.11875000000000001 0.09027777777777778
