1 0.579296875 0.38680555555555557 0.83984375 0.5930555555555556
0 0.130859375 0.2590277777777778 0.24296875 0.41250000000000003
0 0.32929687500000004 0.6201388888888889 0.05390625 0.08750000000000001
0 0.568359375 0.5736111111111112 0.05390625 0.05555555555555556
0 0.6761718750000001 0.5055555555555555 0.05078125 0.07222222222222223
0 0.77734375 0.5569444444444445 0.05 0.08333333333333334
0 0.901953125 0.4173611111111111 0.07265625 0.12916666666666668
0 0.95859375 0.6062500000000001 0.07187500000000001 0.2152777777777778
0 0.7125 0.6125 0.0671875 0.11666666666666667
0 0.496875 0.6048611111111112 0.0421875 0.07083333333333333
0 0.176171875 0.6062500000000001 0.032031250000000004 0.04861111111111111
