1 0.44296875 0.41458333333333336 0.8765625 0.7513888888888889
1 0.9417968750000001 0.28611111111111115 0.10390625 0.34444444444444444
0 0.9453125 0.5076388888888889 0.09531250000000001 0.1625
0 0.7937500000000001 0.5875 0.0171875 0.04166666666666667
0 0.675390625 0.9340277777777778 0.16953125000000002 0.07083333333333333
0 0.43125 0.9145833333333334 0.0859375 0.0763888888888889
0 0.203515625 0.9222222222222223 0.07890625000000001 0.075
0 0.34296875000000004 0.8923611111111112 0.0625 0.0625
0 0.041796875000000004 0.6604166666666667 0.03359375 0.08472222222222223
0 0.42734375 0.8118055555555556 0.0234375 0.043055555555555555
0 0.544921875 0.7868055555555555 0.09296875 0.15694444444444444
