1 0.503125 0.39583333333333337 0.9921875 0.5972222222222222
0 0.123046875 0.5041666666666667 0.06796875000000001 0.061111111111111116
0 0.43281250000000004 0.6229166666666667 0.0625 0.09583333333333334
0 0.551953125 0.6395833333333334 0.10390625 0.1125
0 0.5875 0.7409722222222223 0.0171875 0.03194444444444445
0 0.6644531250000001 0.6666666666666667 0.05078125 0.10277777777777779
0 0.8453125 0.7611111111111112 0.045312500000000006 0.05555555555555556
0 0.9246093750000001 0.7840277777777778 0.06796875000000001 0.07083333333333333
0 0.8464843750000001 0.675 0.02890625 0.036111111111111115
0 0.6394531250000001 0.0638888888888889 0.047656250000000004 0.11111111111111112
