1 0.41445312500000003 0.4513888888888889 0.8226562500000001 0.8194444444444445
1 0.9378906250000001 0.325 0.11171875 0.39166666666666666
0 0.058203125 0.6826388888888889 0.03671875 0.09861111111111112
0 0.225 0.9395833333333333 0.0671875 0.07916666666666666
0 0.416015625 0.9256944444444445 0.14296875 0.09305555555555556
0 0.4453125 0.8388888888888889 0.0203125 0.03333333333333333
0 0.544921875 0.8361111111111111 0.06328125 0.09722222222222222
0 0.69296875 0.9472222222222223 0.17343750000000002 0.08055555555555556
0 0.852734375 0.7354166666666667 0.08828125 0.07361111111111111
0 0.9546875 0.5215277777777778 0.0890625 0.15694444444444444
