1 0.41953125 0.3791666666666667 0.8328125000000001 0.6722222222222223
1 0.892578125 0.49930555555555556 0.21328125 0.7402777777777778
0 0.1953125 0.4652777777777778 0.043750000000000004 0.2111111111111111
0 0.29531250000000003 0.5715277777777777 0.1453125 0.0763888888888889
0 0.45156250000000003 0.6708333333333334 0.1 0.18611111111111112
0 0.22812500000000002 0.6263888888888889 0.034375 0.022222222222222223
0 0.30859375 0.6847222222222222 0.0625 0.058333333333333334
0 0.41328125000000004 0.7993055555555556 0.03125 0.04027777777777778
0 0.451953125 0.8 0.01953125 0.025
0 0.550390625 0.8611111111111112 0.032031250000000004 0.075
0 0.6687500000000001 0.8243055555555556 0.2625 0.29583333333333334
0 0.89375 0.9187500000000001 0.1796875 0.15416666666666667
