1 0.49335937500000004 0.42083333333333334 0.9773437500000001 0.7555555555555555
0 0.23554687500000002 0.69375 0.03515625 0.029166666666666667
0 0.35859375000000004 0.7125 0.0859375 0.036111111111111115
0 0.47382812500000004 0.7409722222222223 0.049218750000000006 0.043055555555555555
0 0.578125 0.788888888888889 0.051562500000000004 0.04722222222222222
0 0.71484375 0.8229166666666667 0.018750000000000003 0.029166666666666667
0 0.9046875000000001 0.8861111111111112 0.1796875 0.17777777777777778
0 0.784375 0.8923611111111112 0.025 0.08750000000000001
0 0.7890625 0.05902777777777778 0.153125 0.10416666666666667
0 0.24960937500000002 0.08402777777777778 0.04453125 0.08194444444444444
