1 0.49648437500000003 0.3965277777777778 0.9789062500000001 0.5958333333333333
1 0.847265625 0.7569444444444444 0.10390625 0.1277777777777778
0 0.521484375 0.6534722222222222 0.09296875 0.0625
0 0.681640625 0.6965277777777779 0.039843750000000004 0.04861111111111111
0 0.813671875 0.8763888888888889 0.16171875000000002 0.1277777777777778
0 0.735546875 0.9576388888888889 0.030468750000000003 0.06527777777777778
0 0.9847656250000001 0.8368055555555556 0.02734375 0.10416666666666667
0 0.41953125 0.6972222222222223 0.1234375 0.08055555555555556
0 0.5789062500000001 0.7715277777777778 0.0703125 0.09583333333333334
0 0.278125 0.6888888888888889 0.046875 0.05277777777777778
