0 0.12812500000000002 0.2868055555555556 0.059375000000000004 0.15694444444444444
0 0.19843750000000002 0.35000000000000003 0.021875000000000002 0.05
0 0.33671875 0.4548611111111111 0.178125 0.23750000000000002
0 0.5734375 0.5597222222222222 0.018750000000000003 0.061111111111111116
0 0.7937500000000001 0.6347222222222223 0.3765625 0.16111111111111112
0 0.52890625 0.6222222222222222 0.05 0.04722222222222222
0 0.48828125 0.5173611111111112 0.026562500000000003 0.06805555555555556
0 0.209375 0.4798611111111111 0.010937500000000001 0.029166666666666667
0 0.7527343750000001 0.7604166666666667 0.014843750000000001 0.08194444444444444
1 0.50546875 0.3145833333333333 0.9875 0.5069444444444444
