1 0.41484375 0.4166666666666667 0.8250000000000001 0.7361111111111112
1 0.927734375 0.3055555555555556 0.13203125000000002 0.375
0 0.349609375 0.8569444444444445 0.13359375 0.08888888888888889
0 0.1625 0.8659722222222223 0.08281250000000001 0.06527777777777778
0 0.02890625 0.6083333333333334 0.037500000000000006 0.10555555555555556
0 0.673046875 0.4673611111111111 0.03671875 0.059722222222222225
0 0.610546875 0.8701388888888889 0.16640625 0.14027777777777778
0 0.9359375000000001 0.49930555555555556 0.1203125 0.1875
0 0.38320312500000003 0.7763888888888889 0.02734375 0.03333333333333333
0 0.46210937500000004 0.7715277777777778 0.05078125 0.04861111111111111
