1 0.5320312500000001 0.3965277777777778 0.9140625 0.5791666666666667
0 0.08476562500000001 0.3284722222222222 0.16015625 0.3125
0 0.56484375 0.5548611111111111 0.0390625 0.07083333333333333
0 0.6511718750000001 0.6152777777777778 0.04453125 0.06666666666666667
0 0.77265625 0.5131944444444445 0.046875 0.10138888888888889
0 0.888671875 0.5395833333333333 0.05859375 0.10694444444444445
0 0.80859375 0.6708333333333334 0.09531250000000001 0.17222222222222222
0 0.23203125000000002 0.638888888888889 0.0484375 0.0638888888888889
0 0.39921875 0.6368055555555556 0.184375 0.08750000000000001
0 0.580078125 0.6763888888888889 0.06796875000000001 0.07777777777777778
