1 0.608984375 0.3479166666666667 0.77890625 0.6875
0 0.41015625 0.6715277777777778 0.051562500000000004 0.08194444444444444
0 0.55 0.7020833333333334 0.045312500000000006 0.16805555555555557
0 0.66328125 0.74375 0.1203125 0.12916666666666668
0 0.8929687500000001 0.44722222222222224 0.07968750000000001 0.07777777777777778
0 0.8835937500000001 0.5791666666666667 0.0765625 0.13333333333333333
0 0.29335937500000003 0.6284722222222222 0.06640625 0.05694444444444444
0 0.26953125 0.4715277777777778 0.035937500000000004 0.10138888888888889
0 0.9613281250000001 0.5541666666666667 0.02421875 0.061111111111111116
0 0.78046875 0.6201388888888889 0.035937500000000004 0.09305555555555556
0 0.7332031250000001 0.5506944444444445 0.03828125 0.05416666666666667
