1 0.393359375 0.4548611111111111 0.7835937500000001 0.8180555555555555
1 0.89453125 0.31527777777777777 0.19843750000000002 0.39166666666666666
0 0.49648437500000003 0.9541666666666667 0.08359375000000001 0.07777777777777778
0 0.260546875 0.9652777777777778 0.07421875 0.061111111111111116
0 0.4078125 0.9375 0.05625 0.05277777777777778
0 0.08203125 0.7222222222222222 0.028125 0.08888888888888889
0 0.8343750000000001 0.6194444444444445 0.015625 0.03333333333333333
0 0.966796875 0.5361111111111111 0.06171875 0.15
0 0.598046875 0.8916666666666667 0.047656250000000004 0.044444444444444446
0 0.8093750000000001 0.9548611111111112 0.034375 0.08750000000000001
