1 0.424609375 0.45972222222222225 0.8367187500000001 0.8250000000000001
0 0.24609375 0.85 0.035937500000000004 0.05555555555555556
0 0.405078125 0.7986111111111112 0.04609375 0.05
0 0.552734375 0.8347222222222223 0.07578125000000001 0.1
0 0.7253906250000001 0.9388888888888889 0.10859375 0.11944444444444445
0 0.7921875 0.6993055555555556 0.060937500000000006 0.13472222222222222
0 0.911328125 0.7506944444444444 0.17265625 0.23472222222222222
0 0.11289062500000001 0.9048611111111111 0.08359375000000001 0.08472222222222223
0 0.43671875000000004 0.9104166666666667 0.09843750000000001 0.10694444444444445
1 0.9234375 0.24930555555555556 0.1296875 0.29305555555555557
