1 0.503515625 0.3819444444444445 0.99140625 0.5611111111111111
0 0.517578125 0.5611111111111111 0.02109375 0.03888888888888889
0 0.56796875 0.6270833333333333 0.040625 0.07916666666666666
0 0.626171875 0.7493055555555556 0.022656250000000003 0.06805555555555556
0 0.6726562500000001 0.6173611111111111 0.11093750000000001 0.1486111111111111
0 0.6937500000000001 0.7201388888888889 0.053125000000000006 0.05416666666666667
0 0.6531250000000001 0.8034722222222223 0.018750000000000003 0.03194444444444445
0 0.8140625 0.6430555555555556 0.11875000000000001 0.10833333333333334
0 0.9183593750000001 0.6840277777777778 0.025781250000000002 0.051388888888888894
0 0.946484375 0.9187500000000001 0.01640625 0.0375
0 0.9859375 0.7361111111111112 0.015625 0.04166666666666667
