1 0.547265625 0.38958333333333334 0.8617187500000001 0.5902777777777778
0 0.11171875 0.2965277777777778 0.21875 0.4152777777777778
0 0.6277343750000001 0.5458333333333334 0.049218750000000006 0.09166666666666667
0 0.7253906250000001 0.5993055555555555 0.05078125 0.0763888888888889
0 0.9007812500000001 0.5194444444444445 0.1703125 0.225
0 0.8828125 0.7000000000000001 0.065625 0.1
0 0.287109375 0.6513888888888889 0.05859375 0.07222222222222223
0 0.504296875 0.6270833333333333 0.10234375000000001 0.08194444444444444
0 0.13671875 0.64375 0.029687500000000002 0.04583333333333334
0 0.659375 0.6659722222222223 0.065625 0.08194444444444444
