1 0.50390625 0.42291666666666666 0.9875 0.6375000000000001
0 0.16953125000000002 0.42847222222222225 0.0671875 0.1375
0 0.177734375 0.5861111111111111 0.022656250000000003 0.03888888888888889
0 0.2234375 0.6687500000000001 0.0171875 0.03194444444444445
0 0.29335937500000003 0.5951388888888889 0.041406250000000006 0.09583333333333334
0 0.465625 0.6944444444444444 0.16875 0.23611111111111113
0 0.8050781250000001 0.8618055555555556 0.19296875000000002 0.17916666666666667
0 0.9828125000000001 0.9305555555555556 0.0328125 0.05277777777777778
0 0.6335937500000001 0.7986111111111112 0.1453125 0.18333333333333335
0 0.31562500000000004 0.7312500000000001 0.0140625 0.03194444444444445
