0 0.21875 0.6368055555555556 0.08750000000000001 0.09027777777777778
0 0.44843750000000004 0.49236111111111114 0.0859375 0.24583333333333335
0 0.61328125 0.47708333333333336 0.15625 0.19305555555555556
0 0.771484375 0.48750000000000004 0.06171875 0.08333333333333334
0 0.9597656250000001 0.43819444444444444 0.07421875 0.15972222222222224
0 0.34765625 0.7493055555555556 0.078125 0.13472222222222222
0 0.52734375 0.63125 0.029687500000000002 0.043055555555555555
0 0.8660156250000001 0.48680555555555555 0.10859375 0.06805555555555556
1 0.390625 0.3493055555555556 0.7718750000000001 0.6208333333333333
1 0.890625 0.26875 0.209375 0.33194444444444443
