1 0.42109375000000004 0.40972222222222227 0.8328125000000001 0.7277777777777779
1 0.9304687500000001 0.28750000000000003 0.125 0.3277777777777778
0 0.033203125 0.6027777777777777 0.032031250000000004 0.09444444444444444
0 0.17734375000000002 0.8645833333333334 0.0765625 0.07083333333333333
0 0.32343750000000004 0.8277777777777778 0.051562500000000004 0.07777777777777778
0 0.394140625 0.8631944444444445 0.08359375000000001 0.0763888888888889
0 0.40468750000000003 0.7743055555555556 0.0171875 0.04027777777777778
0 0.503125 0.7805555555555556 0.0671875 0.1
0 0.6332031250000001 0.8638888888888889 0.17421875 0.14166666666666666
0 0.9417968750000001 0.4791666666666667 0.10078125 0.17222222222222222
0 0.7820312500000001 0.5604166666666667 0.018750000000000003 0.0375
0 0.8246093750000001 0.6951388888888889 0.06484375 0.06527777777777778
