1 0.55078125 0.4118055555555556 0.8859375 0.6208333333333333
0 0.10390625 0.3513888888888889 0.1953125 0.37777777777777777
0 0.6023437500000001 0.5993055555555555 0.051562500000000004 0.08194444444444444
0 0.6953125 0.6513888888888889 0.045312500000000006 0.07777777777777778
0 0.8187500000000001 0.5458333333333334 0.0765625 0.125
0 0.833203125 0.7381944444444445 0.07265625 0.12083333333333333
0 0.9140625 0.6118055555555556 0.13125 0.1763888888888889
0 0.23945312500000002 0.6958333333333334 0.09609375 0.08333333333333334
0 0.470703125 0.6645833333333333 0.11171875 0.07916666666666666
0 0.10703125000000001 0.6770833333333334 0.034375 0.04027777777777778
0 0.6257812500000001 0.7083333333333334 0.0671875 0.08333333333333334
